Parámetros:
Lote = 2000
Intentos = Lote * 2
Epsilon = 50.0
Phi = 0.9

Eval: 0.13950366929721578
Seed: 17630591612776078910


-- Ojito muy buena semilla
Lote = 2000
Intentos = Lote * 2
Epsilon = 0.0000001
Phi = 0.95

Eval: 0.13670499105152228
Seed: 13189215787988873972
Path: 494,495,167,328,326,1037,169,1073,330,819,655,818,666,658,166,822,74,1001,297,980,336,840,350,670,327,511,504,985,500,825,20,660,510,343,334,674,999,8,662,331,995,837,979,493,509,329,163,172,182,496,839,19,505,168,508,986,1,829,657,663,661,832,9,815,184,667,656,2,173,673,507,7,823,678,816,187,982,14,181,332,345,820,26,654,490,653,344,665,676,22,185,991,27,353,990,333,3,165,981,351,1004,6,5,978,352,668,176,23,988,174,4,489,817,347,499,492,25,491,984,349,1003,11,164,501,17,444,826,244,339,1038,12,828,502,340,675,186,520,16,671,179,183,77,346,75,821,512,483,1075,652,171


-- 1432277707348111984
